MAP_HEIGHT: 5.208333
MAP_WIDTH: 3.541667

GOAL_HEIGHT: 0.083333
GOAL_WIDTH: 0.125000
GOAL0_POSE: [1.708333,5.166667,0.0]
GOAL1_POSE: [1.708333,0.0,0.0]

CAR_WEIGHT: 1.19
CAR_POWER: 283.366
FRICTIONAL_CONSTANT: 0.2
