MAP_HEIGHT: 5.208333
MAP_WIDTH: 3.541667

GOAL_HEIGHT: 0.083333
GOAL_WIDTH: 0.250000
GOAL0_POSE: [1.770833, 4.999062, 0.0]
GOAL1_POSE: [1.770833, 0.0, 0.0]
FINAL_SPEED: 2