image_width: 1280
image_height: 720
camera_name: gerblick_laptop
camera_matrix:
  rows: 3
  cols: 3
  data: [983.9346249397365, 0, 671.2045203506202, 0, 984.8248512752548, 340.9989652907024, 0, 0, 1]
distortion_model: plumb_bob
distortion_coefficients:
  rows: 1
  cols: 5
  data: [-0.01313546664135419, 0.05396456533885265, -0.002259215589089224, -0.00355469710705399, 0]
rectification_matrix:
  rows: 3
  cols: 3
  data: [1, 0, 0, 0, 1, 0, 0, 0, 1]
projection_matrix:
  rows: 3
  cols: 4
  data: [994.234375, 0, 665.5743647739291, 0, 0, 999.6166381835938, 339.4096295209874, 0, 0, 0, 1, 0]