image_width: 640
image_height: 480
camera_name: testcam
camera_matrix:
  rows: 3
  cols: 3
  data: [639.0434287861843, 0, 327.2063152298892, 0, 639.8757043857977, 240.6093511865157, 0, 0, 1]
distortion_model: plumb_bob
distortion_coefficients:
  rows: 1
  cols: 5
  data: [0.0477487045098323, -0.1363625781327661, 0.0001877569120412021, 0.00236645916414964, 0]
rectification_matrix:
  rows: 3
  cols: 3
  data: [1, 0, 0, 0, 1, 0, 0, 0, 1]
projection_matrix:
  rows: 3
  cols: 4
  data: [641.095458984375, 0, 328.4204882459744, 0, 0, 643.2318115234375, 240.6673152516669, 0, 0, 0, 1, 0]