image_width: 1288
image_height: 964
camera_name: 15374754
camera_matrix:
  rows: 3
  cols: 3
  data: [1126.08574591452, 0, 616.7375520125502, 0, 1116.255414571801, 525.7495338331287, 0, 0, 1]
distortion_model: plumb_bob
distortion_coefficients:
  rows: 1
  cols: 5
  data: [-0.7942828618736387, 0.5381554120245144, 0.00207013009474492, 0.01022713459887638, 0]
rectification_matrix:
  rows: 3
  cols: 3
  data: [1, 0, 0, 0, 1, 0, 0, 0, 1]
projection_matrix:
  rows: 3
  cols: 4
  data: [827.6439208984375, 0, 634.490142294926, 0, 0, 908.0331420898438, 549.0852317258759, 0, 0, 0, 1, 0]