/**:
  ros__parameters:
    image_width: 1288
    image_height: 964
    camera_name: 15374755
    camera_matrix:
      rows: 3
      cols: 3
      data: [691.8297171319369, 0, 616.8642266971589, 0, 697.0148612025321, 517.5329039891342, 0, 0, 1]
    distortion_model: plumb_bob
    distortion_coefficients:
      rows: 1
      cols: 5
      data: [-0.2678012034146836, 0.05194194294770087, 0.002831174538127116, 0.001537062305525107, 0]
    rectification_matrix:
      rows: 3
      cols: 3
      data: [1, 0, 0, 0, 1, 0, 0, 0, 1]
    projection_matrix:
      rows: 3
      cols: 4
      data: [478.2955932617188, 0, 611.6567255038535, 0, 0, 581.3926391601562, 538.9608447667997, 0, 0, 0, 1, 0]